1.0 -1.998 0.9995 0.015984 0.000998999999999 
1.01 -1.994 0.9985 0.0469130477404 0.00296138613861 
1.02 -1.992 0.997 0.0612687427912 0.00976862745098 
1.03 -1.984 0.995 0.119687058158 0.0134951456311 
1.04 -1.998 0.9995 0.0147781065089 0.000960576923076 
1.05 -2.0 1.0 0.0 0.0 
1.06 -1.996 0.999 0.0284229263083 0.00188301886792 
1.07 -2.0 1.0 0.0 0.0 
1.08 -1.998 0.9995 0.0137037037037 0.000924999999999 
1.09 -1.996 0.999 0.026879892265 0.00183119266055 
1.1 -1.998 0.9995 0.0132099173554 0.000908181818181 
1.11 -1.992 0.997 0.0517360603847 0.00897657657658 
1.12 -2.0 1.0 0.0 0.0 
1.13 -1.994 0.9985 0.0374782676795 0.00264690265487 
1.14 -1.998 0.9995 0.0122991689751 0.000876315789473 
1.15 -1.986 0.9945 0.0840952741021 0.0164165217391 
1.16 -1.996 0.9985 0.0237336504162 0.0043025862069 
1.17 -1.986 0.9945 0.0812447950909 0.0161358974359 
1.18 -1.992 0.998 0.0457799482907 0.00337627118644 
1.19 -1.986 0.9955 0.0785368264953 0.010856302521 
1.2 -1.984 0.9945 0.0881777777778 0.0140658333333 
1.21 -1.962 0.988 0.203691004713 0.0276231404959 
1.22 -1.976 0.992 0.12744961032 0.019462295082 
1.23 -1.974 0.99 0.135697005751 0.0273170731707 
1.24 -1.996 0.9985 0.0207700312175 0.004025 
1.25 -1.996 0.9985 0.02043904 0.0039928 
1.26 -1.992 0.997 0.0401511715797 0.00790793650794 
1.27 -1.956 0.985 0.213439146878 0.0355118110236 
1.28 -1.968 0.9885 0.15375 0.02849296875 
1.29 -1.97 0.99 0.142058770507 0.0229457364341 
1.3 -1.952 0.9855 0.221765680473 0.0293530769231 
1.31 -1.976 0.991 0.110539012878 0.0226534351145 
1.32 -1.99 0.9965 0.0456841138659 0.00829621212121 
1.33 -1.972 0.99 0.124859517214 0.0237593984962 
1.34 -1.964 0.989 0.157505012252 0.0220268656716 
1.35 -1.966 0.988 0.146708367627 0.0277214814815 
1.36 -1.96 0.9875 0.16955017301 0.0252757352941 
1.37 -1.958 0.9875 0.175259204007 0.0236313868613 
1.38 -1.962 0.9845 0.156597353497 0.0391586956522 
1.39 -1.98 0.9925 0.081983334196 0.0178237410072 
1.4 -1.954 0.985 0.183436734694 0.0307857142857 
1.41 -1.948 0.983 0.203804637594 0.0346411347518 
1.42 -1.964 0.987 0.14025788534 0.0291014084507 
1.43 -1.976 0.992 0.0927654164018 0.0166041958042 
1.44 -1.942 0.9815 0.217276234568 0.0358548611111 
1.45 -1.968 0.9905 0.119811652794 0.0169924137931 
1.46 -1.972 0.9905 0.103614186527 0.0196157534247 
1.47 -1.96 0.9855 0.145124716553 0.0314006802721 
1.48 -1.952 0.984 0.171102994887 0.0317405405405 
1.49 -1.962 0.9895 0.134329084275 0.0164825503356 
1.5 -1.978 0.992 0.0773617777778 0.0171626666667 
1.51 -1.944 0.9825 0.19098109732 0.0316390728477 
1.52 -1.9 0.9635 0.328947368421 0.0747835526316 
1.53 -1.918 0.973 0.268744499979 0.0503816993464 
1.54 -1.946 0.9795 0.177237308146 0.0437136363636 
1.55 -1.906 0.9645 0.298295941727 0.0735219354839 
1.56 -1.946 0.9825 0.172721893491 0.0319070512821 
1.57 -1.956 0.985 0.139663272344 0.0287261146497 
1.58 -1.948 0.9835 0.162307322544 0.0290575949367 
1.59 -1.918 0.971 0.248844586844 0.0557459119497 
1.6 -1.958 0.9875 0.12849375 0.020234375 
1.61 -1.944 0.982 0.167993518769 0.0314931677019 
1.62 -1.914 0.971 0.250882487426 0.0522444444444 
1.63 -1.878 0.9595 0.344937332982 0.0702079754601 
1.64 -1.94 0.9805 0.173111243308 0.0338286585366 
1.65 -1.922 0.972 0.232016161616 0.053856969697 
1.66 -1.892 0.9665 0.296611990129 0.0533198795181 
1.67 -1.886 0.9635 0.308371042346 0.0596832335329 
1.68 -1.872 0.9555 0.339591836735 0.0780232142857 
1.69 -1.906 0.9695 0.250921186233 0.0504609467456 
1.7 -1.87 0.955 0.336470588235 0.0775882352941 
1.71 -1.872 0.96 0.327780855648 0.0617543859649 
1.72 -1.938 0.98 0.162460789616 0.0327906976744 
1.73 -1.876 0.961 0.310901132681 0.0600670520231 
1.74 -1.934 0.9805 0.168640507333 0.0284362068966 
1.75 -1.818 0.9375 0.432164571429 0.101357142857 
1.76 -1.858 0.953 0.34069731405 0.074525 
1.77 -1.876 0.958 0.297007884069 0.0683299435028 
1.78 -1.848 0.9455 0.354621891175 0.0916398876404 
1.79 -1.812 0.937 0.425275116257 0.0972759776536 
1.8 -1.87 0.959 0.31 0.06182 
1.81 -1.808 0.93 0.423840542108 0.115138121547 
1.82 -1.878 0.9585 0.276676729864 0.0659950549451 
1.83 -1.824 0.9355 0.383438143868 0.106207103825 
1.84 -1.888 0.9595 0.249829867675 0.0676298913043 
1.85 -1.872 0.959 0.280047918188 0.0601491891892 
1.86 -1.882 0.9605 0.256764943924 0.0606231182796 
1.87 -1.838 0.941 0.340594240613 0.0952278074866 
1.88 -1.872 0.96 0.271181530104 0.056170212766 
1.89 -1.84 0.9475 0.329666022788 0.0761772486772 
1.9 -1.868 0.952 0.273214404432 0.0772547368421 
1.91 -1.888 0.9635 0.231853293495 0.0532308900524 
1.92 -1.836 0.947 0.32671875 0.07435625 
1.93 -1.816 0.94 0.358821981798 0.0837305699482 
1.94 -1.84 0.9485 0.312891911999 0.0713355670103 
1.95 -1.838 0.9455 0.321636817883 0.0795482051282 
1.96 -1.722 0.9055 0.506784673053 0.130244387755 
1.97 -1.814 0.9395 0.356004019686 0.083430964467 
1.98 -1.792 0.932 0.380304050607 0.0916686868687 
1.99 -1.772 0.9235 0.416167268503 0.105322110553 
2.0 -1.768 0.9255 0.410176 0.0963995 
2.01 -1.848 0.953 0.278107967625 0.0602805970149 
2.02 -1.738 0.91 0.454226056269 0.122574257426 
2.03 -1.858 0.9515 0.256095513116 0.0687640394089 
2.04 -1.758 0.914 0.408915801615 0.119811764706 
2.05 -1.794 0.93 0.351756335515 0.0948292682927 
2.06 -1.794 0.93 0.355890281836 0.0953398058252 
2.07 -1.774 0.9245 0.381734929637 0.0996130434783 
2.08 -1.798 0.934 0.343191568047 0.0858538461538 
2.09 -1.744 0.915 0.408840456949 0.107703349282 
2.1 -1.826 0.942 0.288185034014 0.0764495238095 
2.11 -1.726 0.9055 0.424899710249 0.121933175355 
2.12 -1.71 0.898 0.455589177643 0.134143396226 
2.13 -1.748 0.917 0.388367387423 0.102555868545 
2.14 -1.668 0.891 0.490676915014 0.129194392523 
2.15 -1.766 0.924 0.357593510005 0.0925097674419 
2.16 -1.708 0.903 0.427585733882 0.116835185185 
2.17 -1.74 0.9105 0.384293571747 0.112884331797 
2.18 -1.676 0.886 0.46378587661 0.142209174312 
2.19 -1.708 0.905 0.41595129376 0.110456621005 
2.2 -1.73 0.9115 0.399256198347 0.106214090909 
2.21 -1.698 0.904 0.433075489855 0.109111312217 
2.22 -1.728 0.91 0.38796850905 0.107027027027 
2.23 -1.728 0.9095 0.384496772507 0.107730493274 
2.24 -1.68 0.893 0.441326530612 0.125091071429 
2.25 -1.686 0.9005 0.424615506173 0.109066222222 
2.26 -1.704 0.9025 0.401271830214 0.111935840708 
2.27 -1.678 0.8965 0.431846921151 0.114603964758 
2.28 -1.76 0.915 0.325023084026 0.105745614035 
2.29 -1.704 0.905 0.390827024656 0.104759825328 
2.3 -1.72 0.908 0.36415879017 0.103540869565 
2.31 -1.71 0.9085 0.37173216394 0.0976238095238 
2.32 -1.684 0.9005 0.401414982164 0.104913362069 
2.33 -1.59 0.858 0.480318296524 0.155083261803 
2.34 -1.6 0.8575 0.479216889473 0.161442307692 
2.35 -1.656 0.8805 0.435791036668 0.137820851064 
2.36 -1.68 0.8925 0.38609594944 0.118125 
2.37 -1.646 0.88 0.414950595524 0.130126582278 
2.38 -1.636 0.8885 0.426173292847 0.108097058824 
2.39 -1.618 0.8775 0.432818753173 0.122583682008 
2.4 -1.746 0.917 0.313530555556 0.0910183333333 
2.41 -1.622 0.8755 0.433268022245 0.129045228216 
2.42 -1.644 0.881 0.410671402227 0.126180165289 
2.43 -1.672 0.892 0.376918152721 0.113310288066 
2.44 -1.604 0.866 0.42675624832 0.13777704918 
2.45 -1.606 0.8685 0.437660308205 0.13544122449 
2.46 -1.716 0.9065 0.332701434331 0.100012601626 
2.47 -1.518 0.8405 0.495452146405 0.15353805668 
2.48 -1.612 0.8715 0.41197710718 0.128609274194 
2.49 -1.558 0.8485 0.454596538766 0.152285542169 
2.5 -1.644 0.887 0.39504896 0.1115696 
2.51 -1.556 0.8475 0.44371613149 0.151384462151 
2.52 -1.596 0.866 0.406137566138 0.130228571429 
2.53 -1.596 0.863 0.402933337499 0.135543083004 
2.54 -1.596 0.8675 0.409686899374 0.127864173228 
2.55 -1.554 0.8535 0.431270434448 0.136921960784 
2.56 -1.6 0.8645 0.3955078125 0.133421484375 
2.57 -1.496 0.8325 0.461465881391 0.152052529183 
2.58 -1.516 0.838 0.46015503876 0.151559689922 
2.59 -1.53 0.8435 0.447876447876 0.146344015444 
2.6 -1.55 0.85 0.412721893491 0.138461538462 
2.61 -1.588 0.862 0.38887039239 0.130967049808 
2.62 -1.542 0.8475 0.411535458307 0.138921755725 
2.63 -1.53 0.8455 0.42510373144 0.138980608365 
2.64 -1.508 0.828 0.43958677686 0.161993939394 
2.65 -1.554 0.851 0.408449412602 0.137809811321 
2.66 -1.564 0.8615 0.390018655662 0.120402631579 
2.67 -1.492 0.8225 0.429763918697 0.162162921348 
2.68 -1.56 0.8545 0.382267765649 0.129969776119 
2.69 -1.548 0.849 0.391202996089 0.135611895911 
2.7 -1.492 0.833 0.420266666667 0.142386666667 
2.71 -1.51 0.831 0.416061872796 0.153415498155 
2.72 -1.546 0.8515 0.379478806228 0.128231985294 
2.73 -1.49 0.83 0.420722135008 0.146666666667 
2.74 -1.492 0.837 0.412348020672 0.134205839416 
2.75 -1.606 0.8705 0.334685090909 0.114879636364 
2.76 -1.448 0.8175 0.444914933837 0.152817028986 
2.77 -1.494 0.8265 0.402436627611 0.151115884477 
2.78 -1.488 0.831 0.40673671135 0.141638848921 
2.79 -1.436 0.811 0.428516591513 0.155238709677 
2.8 -1.412 0.805 0.435844897959 0.155678571429 
2.81 -1.466 0.8285 0.408730385887 0.136423843416 
2.82 -1.458 0.818 0.405530908908 0.149469503546 
2.83 -1.404 0.8015 0.429913720985 0.156675265018 
2.84 -1.54 0.8505 0.363221583019 0.124506690141 
2.85 -1.502 0.836 0.38017654663 0.134882807018 
2.86 -1.394 0.796 0.428756418407 0.160676923077 
2.87 -1.494 0.828 0.374880841093 0.143436933798 
2.88 -1.422 0.81 0.400229552469 0.145694444444 
2.89 -1.392 0.799 0.416822595515 0.153078200692 
2.9 -1.486 0.8335 0.382308680143 0.132452068966 
2.91 -1.364 0.79 0.424890589388 0.156563573883 
2.92 -1.41 0.8055 0.397776318259 0.147150342466 
2.93 -1.4 0.799 0.413749723351 0.155766552901 
2.94 -1.416 0.8045 0.386387153501 0.149020068027 
2.95 -1.448 0.811 0.374741051422 0.150208813559 
2.96 -1.362 0.7785 0.422277209642 0.171875337838 
2.97 -1.44 0.8145 0.38018796268 0.142545117845 
2.98 -1.44 0.8105 0.377640646818 0.14810704698 
2.99 -1.468 0.825 0.36016420398 0.134280936455 
3.0 -1.394 0.7995 0.386117333333 0.147399666667 
